p_pred,theta_pred,m_pred,set
0.1568088861253208,0.9982813730714492,10.97065121167821,train
0.742006350145752,0.4672662149969823,1.764861319378831,train
0.7913685900257229,0.38600615787478276,0.01662469362037308,train
0.3873491876677164,0.9027648236344005,7.884255022323606,train
0.6472453785095211,0.6108289224375756,0.041626656865047795,train
0.2763662553437677,0.9701100629976368,0.0316352514063737,train
0.789669517926019,0.3888725295725195,1.103710696902382,train
0.28862793165467593,0.9646393325291269,3.0997417471051705,train
0.22544950431103125,0.987474983296711,9.8652578724099,train
0.8918646781555171,0.20817912398791516,0.11505876612487431,train
0.179724335515999,0.9960824115496832,170.72005693809425,train
0.36351867707728497,0.9205199665310498,4.079756639276479,train
0.4426578931712004,0.8551061744168688,0.26609538712450187,train
0.7545777720052657,0.44697306389276226,0.019280675962060588,train
0.39286061620210366,0.898414305925219,5.344045464620902,train
0.32712484277547843,0.9442254503464449,13.307906650707267,train
0.20360521825825562,0.9923566987215929,87.05348089948427,train
0.9571863751848607,0.08438744940761278,0.0006787814845153726,train
0.26752357027332496,0.9737435057430203,0.04986511480001311,train
0.8531912492086395,0.27849363092873614,0.004418411611236163,train
0.8415236294628078,0.2992537653132329,0.0011296976437836382,train
0.9070506159924585,0.1799524512765599,0.0004961879634851501,train
0.12474041862891022,0.9996691997603537,45.264551825661336,train
0.1044233528122854,0.9999306078929444,601.2447061768908,train
0.331554995593874,0.9415653802434995,1.9634010422717694,train
0.3916171869794278,0.8994037281729814,0.010680348109440562,train
0.7978739946857428,0.37498671950623497,0.06890999683928718,train
0.19086817384314841,0.9945417170206381,2.55691310528558,train
0.38251501554119083,0.906505910792206,3.3418416292877997,train
0.848700691981985,0.28650894655910697,0.03720194632133291,train
0.45817914493220274,0.8401873116651712,0.0057500304441436565,train
0.2978620405013193,0.9601885904039619,3.8427510472952164,train
0.13897097112248907,0.999246154325967,156.12366133425945,train
0.8888996973021339,0.21365023438230346,0.09115784000824284,train
0.7072105996448536,0.5219506775342102,0.02901984826563091,train
0.5641180753536943,0.7218572720587708,0.010492599169618306,train
0.8337277615010238,0.31300515534005,0.0033585610168517517,train
0.5257424216447864,0.7679059055691501,2.7258340555473968,train
0.36825821125828984,0.9171269489630868,0.07932986726989848,train
0.40467136118438346,0.8887885359892136,0.5544484686026815,train
0.22815158986225945,0.9867671163565794,19.95522322378782,train
0.7199437072206704,0.5021962067979457,0.06244344656205392,train
0.23860138320120952,0.9838078335213274,0.014578401604068493,train
0.5686901193659627,0.7161432392122411,0.0015842564549622467,train
0.18460624558430228,0.9954484123276,11.01698201927717,train
0.16616807147556292,0.9975290011209458,0.016811001710289816,train
0.9194663926335506,0.15662281600205674,0.00044340992153531043,train
0.39596816976256305,0.8959215057362704,3.090000695689532,train
0.4362634173226888,0.8610605518454995,2.6153489587338563,train
0.8248052108430792,0.32862490797409805,0.005493221354185347,train
0.1992453024276021,0.9931574624345185,1.7140356738911398,train
0.5053714458902058,0.7909159909243693,0.003005430008286858,train
0.10958567351896606,0.9998910134283272,3225.548818823638,train
0.5118412507585788,0.7837186752727784,2.1872074353955755,train
0.39955729128378686,0.8930068915646386,7.117049395695215,train
0.49622617005235364,0.8009112110766111,1.0882947543954753,train
0.168438471765045,0.9973173751255556,0.12621867358463118,train
0.7761880799216454,0.41144318155755777,0.11730556777293047,train
0.8172573579790525,0.3417379852132417,0.0014128586281815891,train
0.6419372792728597,0.6183544983017026,2.433793300877904,train
0.21548791069406534,0.9898845305382322,44.861009955086054,train
0.20356965373450112,0.9923634577525567,12.329206624716676,train
0.5386941569170085,0.7527524264490028,0.09587876869078503,train
0.7438864933267226,0.46424904891482066,0.03284480095065906,train
0.20310104059232448,0.9924521667292642,22.334327096780147,train
0.11390907574298392,0.9998458490830325,880.7109224131931,train
0.5269677791489829,0.7664894890909548,0.08953387767635214,train
0.9436040292756811,0.1106306639788237,0.03492790107050708,train
0.4850253462555383,0.8128643076013349,0.19591779231721881,train
0.5101458583128439,0.7856147500984916,3.912187306926378,train
0.15396806661716697,0.9984737483991732,16.04622580422721,train
0.48649488944217806,0.8113143617208136,2.4056326590646075,train
0.7322904928639434,0.48275697116720184,0.0021158847227047005,train
0.8208037435646783,0.3355882479487846,0.05485687274184634,train
0.5527182281710049,0.7358961325324501,0.05030259170979904,train
0.12819252916466736,0.9995892650959307,335.8923514527211,train
0.43236269247430115,0.8646370702683897,0.0150900929556264,train
0.7197833260359504,0.5024468864180061,0.12272220521984065,train
0.33990935297255714,0.9363773296323941,0.04348696374293095,train
0.5555984916864024,0.7323773714597278,0.008485692773083493,train
0.517025818358903,0.7778764346982139,2.2633242092338377,train
0.5172806594759005,0.7775875636156435,0.0016293874196908493,train
0.6901349451936755,0.5479666000979773,0.019553608666305636,train
0.8594242403462063,0.26731610490557545,0.0021161708057541246,train
0.3979410243684207,0.8943241112227329,0.04238336761645442,train
0.5689679055712135,0.7157945390435034,0.025159235738882298,train
0.647228557775013,0.6108528603456698,0.2609288026101513,train
0.46045814379367367,0.837941900740694,0.02229015988921694,train
0.2261306007222464,0.9872987583644194,34.42521962398525,train
0.20376229864823553,0.9923268006417563,12.244454159010555,train
0.9634803206278248,0.0721392225158769,0.0005691848239988682,train
0.5686901193659627,0.7161432392122411,0.2748732100058324,train
0.72421207238676,0.49550734019261156,0.055985327351416515,train
0.8591792538031837,0.26775657424950106,0.013336106687011753,train
0.4440612242549024,0.8537843305781976,0.016529780584492202,train
0.245248726919352,0.981739915264362,0.00415519288504686,train
0.08133603956664488,0.9999954236856818,4636.2116458851715,train
0.2981249097569707,0.9600577432465758,23.0034216134398,train
0.7760216800860608,0.4117198386779428,0.0011682864264048586,train
0.851498206257993,0.281519291075947,1.3810038642406208,train
0.17502213180948623,0.9966350332064403,25.085170052825216,train
0.7950043908273969,0.37985622704469846,0.013737779094510787,train
0.8591652627536396,0.26778172641015074,0.007082841789601581,train
0.7778542206352438,0.4086704413418687,0.25292040466277066,train
0.7655546728825557,0.42902681407482124,0.0029499008507203038,train
0.7335411901566616,0.48077239998066723,0.027185171814612864,train
0.5253398397076438,0.7683704664665123,0.004807666307048056,train
0.542919402155615,0.7477224973006527,0.1654460084554969,train
0.8010478721730409,0.36958492201662596,0.034528773681959085,train
0.6612175295759093,0.5907484444627786,2.0177777756729878,train
0.571343690822344,0.7128051256088028,1.5977337319833314,train
0.5076741211845652,0.7883663039869266,3.7540073171748536,train
0.4711149579988191,0.8272584648538573,0.18196163633818116,train
0.5565672000903825,0.7311896077001293,1.8539497101482851,train
0.3776498620121015,0.9101998494414458,5.63112313750164,train
0.5321423155978536,0.7604682515681795,0.0014126650999618578,train
0.25232219409557916,0.9793793741795961,1.632905916871821,train
0.6682060193492038,0.5805589259994696,0.1727129485929505,train
0.6222447992485448,0.6457684598121871,3.126774323462893,train
0.29847040109052747,0.9598854212048474,9.300821661102626,train
0.5557852046452313,0.7321486054348747,0.02341525394581148,train
0.4464700161194492,0.8515028088646566,1.2410270304421025,train
0.3713828103596593,0.914852244227943,7.856907337415883,train
0.2894646499052241,0.9642477324622584,0.0019387372597314684,train
0.3112642372186749,0.9532263096834318,0.001680528559791161,train
0.6671229498544528,0.5821443966457331,0.03521764361366721,train
0.3693284353678709,0.9163512014650321,6.298370287207538,train
0.49190321755952776,0.8055624340497749,5.483575581740806,train
0.2619311271256633,0.9759065053840701,3.1877294772980465,train
0.8462806895311529,0.2908153741817503,0.015758530947944462,train
0.9205998553204677,0.15448182914708897,0.016631456096450475,train
0.11764737558251276,0.9997961741487719,58.372228970465564,train
0.8448305051095625,0.2933915870005158,0.0019077323834182213,train
0.3363643282933878,0.9386061022588387,8.03140182806414,train
0.17721830159739757,0.9963838782286463,19.843142784012986,train
0.47973632438928976,0.8183965809384919,0.22104712741981777,train
0.819511730682273,0.3378310722902511,0.04161405674283085,train
0.1917958408201821,0.9943982172991875,0.05853001002008431,train
0.1463050610671836,0.9989165753688527,85.54744241347062,train
0.16287143210739108,0.9978155696013541,62.76889535934009,train
0.7055549849958512,0.5244971284557024,0.0923136358129363,train
0.2048515117431554,0.9921174624158606,29.628111473601663,train
0.6597566432691396,0.5928662631750841,1.687129996168313,train
0.3600639777663781,0.9229493867712026,1.6530931014418584,train
0.2202209682139702,0.9887786694503468,5.114236202811464,train
0.13978454464978482,0.9992137549248207,0.008259652947810486,train
0.31228156952285485,0.952673649232384,5.309334232253785,train
0.8555124857044486,0.2743380521592348,0.0005084658507117784,train
0.46475500225557115,0.8336705959610355,0.04718768155134331,train
0.6081067465397136,0.6649502067543416,1.2746488533966829,train
0.45645764930535665,0.8418741892240498,4.032151676442024,train
0.7401228442577736,0.4702824562728726,0.0015741155838938212,train
0.555021720144428,0.7330835394922017,0.19476190635927867,train
0.8564000762444254,0.272746832317586,0.012476157762977856,train
0.2557243998174136,0.9781848975192178,24.835874527664703,train
0.688945014627373,0.5497589492859691,0.011744021895480518,train
0.1773886934336844,0.996363886450286,7.771734507269345,train
0.8468136359926025,0.289867778307358,0.027467641172684413,train
0.7128672273276134,0.513211877077044,0.15600773526246473,train
0.21044112410549307,0.9909870615338541,65.78540782499253,train
0.5093060265831982,0.7865513564560057,0.011472697061369122,train
0.7945037880711698,0.3807043057672582,0.14901985939477538,train
0.47056092778944686,0.8278212889818881,0.05991532717976299,train
0.9669801247474197,0.06530474984123325,0.0002935798779032943,train
0.3094388502401531,0.9542094182499159,19.012140359800824,train
0.7043007264373933,0.5264228547048617,1.1475561415686117,train
0.4888172081834903,0.8088536734988622,0.16790078055574215,train
0.9253523304722665,0.1454847032631038,0.07643103212009522,train
0.9073406486700846,0.17941004199347743,0.04976774740271578,train
0.4146894948599147,0.8803044485801386,8.398136987784564,train
0.3110646164942194,0.9533343537521463,2.5379256714843836,train
0.6575006432826185,0.5961284032724984,0.16904994641141102,train
0.39089367201953806,0.8999773277354228,3.4857111606666007,train
0.3828579969873911,0.9062427989742671,4.3066007605870205,train
0.24908777211151917,0.980479310607734,20.01169454303842,train
0.48905906504171937,0.8085966114286056,1.5237953288106298,train
0.3290604107224778,0.9430710384373143,0.2956090704508627,train
0.8242898871483234,0.3295231229783989,0.017061048605356365,train
0.30064435826708935,0.9587920321327034,0.010325223964068753,train
0.1418475299923256,0.9991270822564319,27.467679906766296,train
0.9402705743448123,0.11703173233666875,0.008389363767470424,train
0.39723168603165954,0.8948997756147281,1.8113607098585969,train
0.5566654599068362,0.7310690072556756,2.5367473386500463,train
0.4296449715585599,0.8671037748826353,1.422784862646955,train
0.217069670180549,0.9895227506887013,38.310965800952914,train
0.7580307271547326,0.4413504559063973,0.021365085827833353,train
0.18144084389694068,0.9958666095832217,129.27833630462493,train
0.8089740361594525,0.3560221485047894,0.014906170937683788,train
0.2883931875479783,0.9647487781758468,0.007610171626355669,train
0.5110575257295443,0.7845960529301476,0.001426935667758243,train
0.5664413666215401,0.7189596163188449,0.6441865125470767,train
0.7623193252653077,0.4343381289897845,1.3119639697291503,train
0.7893880465458919,0.3893469096775819,0.010339213096694192,train
0.12852294919050403,0.9995809208918616,1376.2786961091454,train
0.30492363185324056,0.9565940848714145,14.643115510034177,train
0.20852534400797573,0.9913851421222336,46.03728328241016,train
0.4351339935007749,0.8621004655931854,0.0016132271759842882,train
0.878370497928884,0.23297241556470694,0.009492710291577796,train
0.936876791496078,0.12353246194122569,0.004774740257593909,train
0.4998952113107287,0.7969264346929983,0.1358418620642337,train
0.47471509569296044,0.8235815314910011,0.6838870561072442,train
0.482349524557315,0.815672237314904,2.0246907101874543,train
0.13501578117545648,0.9993899828479553,1077.1494359021754,train
0.14970237429012181,0.9987334521847081,34.41390382532638,train
0.13342465852702792,0.999441738113876,17.554751015186298,train
0.594322550709757,0.6832403694644396,3.483850895160919,train
0.14826202251497425,0.9988135781946578,446.7686593078125,train
0.3406664901721352,0.9358961137923758,2.010756844000647,train
0.6187772420706666,0.6505121501659197,0.010768560649105589,train
0.49615875179576097,0.8009841127461196,0.05598834947896519,train
0.33354802365082137,0.940348044669683,6.516150340003298,train
0.361395859216481,0.922017165403101,6.954995543632918,train
0.5023292767881659,0.7942642042923314,3.019758572697849,train
0.21099622478640204,0.9908696258126315,2.504674120789586,train
0.6952884713223909,0.5401728963075605,0.02450973529430044,train
0.17301245268691742,0.9968543961496792,15.155153421263153,train
0.14482868211411817,0.9989899297693985,57.09538759616108,train
0.34286892210856207,0.9344859279669151,1.1629382749204056,train
0.4341293412684421,0.8630225115265275,0.022800243765027525,train
0.17083682624303406,0.9970808164234976,0.021170296839982283,train
0.5297811259430967,0.7632237823619042,0.3090428123226455,train
0.2116755047292217,0.9907246357811887,28.20619151687112,train
0.18812126900268625,0.9949526386764723,5.257689269837763,train
0.9312450194859755,0.13428383165566993,0.0008252375491193078,train
0.322412282839286,0.9469853869770988,15.135166728134294,train
0.7982467989789674,0.37435309102385794,0.0029182074132867025,train
0.7789130340465805,0.4069059358661856,0.003956730395424036,train
0.2365165378150648,0.9844265723115707,31.91587168889682,train
0.4462505441065646,0.8517113430712789,0.2635294108494705,train
0.20699656681054393,0.9916948185142415,62.90769128476641,train
0.22309023189586824,0.9880739825622359,0.02643783561117665,train
0.16864994842947617,0.9972970582063194,0.25284787982628626,train
0.5344466753246916,0.7577661702112135,0.014469998329660961,train
0.37701793246463855,0.9106743894854036,4.357063993011333,train
0.24532594354203685,0.9817150398186253,0.03564125628604702,train
0.18031555278902828,0.9960089446650552,229.53691588513115,train
0.23848462912702315,0.9838428590921583,3.083986940937142,train
0.41141758894672115,0.8831072661685322,5.506061601919864,train
0.8729681012412612,0.2428212579204887,0.009062834496188157,train
0.44114294939363263,0.8565270661910209,0.4402165520145864,train
0.7378639198794164,0.47389152636363896,0.15288064453454114,train
0.7607137170357654,0.4369672275644114,0.10031903076787994,train
0.3644499899309994,0.9198587177586365,3.6168656178751633,train
0.39464473065573313,0.8969866319685637,4.434130812719241,train
0.38178524987543405,0.9070645567575562,2.879177840206554,train
0.37473892373164847,0.9123756987012346,0.018166336666443357,train
0.7434119856462467,0.46501111062961253,0.0020417887199864586,train
0.2503006582157355,0.9800709064413067,8.873703394537147,train
0.7434420457738081,0.4649628458033941,1.862904308037017,train
0.37636917084268096,0.9111603072139669,2.138148454304484,train
0.2608854325820542,0.9762993608040053,16.68496393305551,train
0.29744358580527475,0.9603964097613449,6.68496196082249,train
0.17394662091997673,0.9967536604541909,1.2811766545842629,train
0.7074326315491284,0.5216087878728071,0.006127502472512434,train
0.4215225709673337,0.8743519930835342,7.540550616432606,train
0.1685192519594652,0.9973096267070873,0.34881546347084313,train
0.15514530525331724,0.998395962750779,354.90066936750213,train
0.9278903470369854,0.14066653363005666,0.0025271429130610825,train
0.12709798545192283,0.9996160215782081,39.03043781614128,train
0.24040816251719224,0.9832601214436859,0.0019949194757402115,train
0.342045079757999,0.9350152295637636,0.016554205594240527,train
0.17651450318714215,0.9964656788053211,153.40744497853365,train
0.18358007913555963,0.9955868870449267,11.535303457378244,train
0.6646054445751552,0.5858207647146616,0.002627702029209675,train
0.4475563693217522,0.8504686565986161,0.03129605429488406,train
0.8085661722943022,0.35672258697175196,0.0007255942994118448,train
0.5433776169872964,0.7471744847737659,1.2762472395352544,train
0.9237292275464404,0.14856113902427814,0.06608986477524802,train
0.7112928321919184,0.5156500948359847,2.1502595259440898,train
0.9486469074786583,0.10091725597164936,0.0009530805690282357,train
0.3748762050677815,0.9122736639959164,6.816068556713322,train
0.166762233957776,0.9974747590276736,45.04099522546793,train
0.2714742272759403,0.972152501352819,27.415598357084683,train
0.32481377123098704,0.9455879419091827,18.762014739894713,train
0.5182263466635952,0.7765142048857265,1.0697832146493922,train
0.9460717807194028,0.10588184806762979,0.03248442652827343,train
0.1755641609287944,0.9965741649801123,3.100309163865249,train
0.1878099993815271,0.9949978940432949,25.033541116731094,train
0.9085773263560245,0.17709586348096262,0.016177435765955435,train
0.17964633663890933,0.9960920366834883,0.2235026169100824,train
0.2758349539484618,0.9703357567966729,4.131998287536695,train
0.6373944764920147,0.6247494844138646,0.060561734463914225,train
0.40467136118438346,0.8887885359892136,8.878941044768348,train
0.6539645102694909,0.6012211572742693,0.23543920940941776,train
0.3500008747855286,0.9298138569578246,9.858355634170556,train
0.9606118038047883,0.07772827129394955,0.0005082018229615107,train
0.4083923653170701,0.88567126364992,4.396958221232817,train
0.3000919229500771,0.9590713625550001,3.878787399887312,train
0.4142503407881037,0.8806824325311537,1.635059252575524,train
0.3873087344138935,0.9027964206799279,5.836419048363381,train
0.2542290803655963,0.9787146268808061,11.846135957684764,train
0.3824413316096136,0.9065623897777304,0.13490468182468374,train
0.32162256215531565,0.9474408374394279,3.1454694772535365,train
0.2215354129592255,0.9884590746346766,47.184913150686405,train
0.7011377924350136,0.5312659741308929,0.0013531074788468921,train
0.14544583333707403,0.9989597138009847,501.2669359324911,train
0.39510453386566,0.8966171620504219,4.961068392124975,train
0.9771800491512463,0.045290065687397685,0.0073381626614716445,train
0.9536087591342776,0.09132503777657464,0.004781717795134335,train
0.7976807528473796,0.3753150676587683,0.015143602657236983,train
0.11200110612124232,0.9998672838998635,68.08755401632494,train
0.7587089987770268,0.4402435430982822,0.013585331323489363,train
0.6104396419017497,0.6618142762357688,0.03897458897135213,train
0.5440456985324973,0.7463745918859537,0.23965396275474324,train
0.7186534848611208,0.5042115170720933,0.3843111869236225,train
0.22756439418036986,0.9869229333445426,0.005234936325306033,train
0.11387416282754055,0.9998462639264731,416.4844535902392,train
0.7575342991568598,0.4421600974623837,0.00750653248956299,train
0.9562713585950449,0.08616351697399804,0.009031028790333484,train
0.5857468751032172,0.6944107294245419,0.18903107977898775,train
0.916568653947741,0.16208785618050192,0.0017152042095568045,train
0.9434589113927426,0.1109096538739448,0.00037366045116734843,train
0.6486958224785953,0.6087626166299958,0.014905051179124225,train
0.38137931716453716,0.9073746085292937,10.514509526948016,train
0.1745615546159764,0.9966861830558129,0.37773470754674116,train
0.8251417400937773,0.32803810264091426,0.0017907613331040158,train
0.8065231902309193,0.36022695315972564,1.1698497949578412,train
0.5206164921009234,0.7737916358785547,2.1876533745901843,train
0.6837375152008867,0.5575709243979183,0.0022315689288102433,train
0.9538584500707638,0.09084142587081823,0.004078515315683705,train
0.7714811470779355,0.4192506526025813,1.7578944285668892,train
0.8250803969298207,0.3281450801861364,0.049665447739596885,train
0.1760697552315585,0.996516729732321,32.04555084848169,train
0.5432329324660691,0.7473475769449832,0.5524748955518264,train
0.5575606807708469,0.7299692209849269,0.3221356919377485,train
0.19685820488875475,0.9935723565190788,15.28807863668068,train
0.37262221358217334,0.9139416712517311,1.4327398599864558,train
0.2652764030082473,0.9746252035954989,9.67657639831033,train
0.5060508891932006,0.7901650365342665,3.6961248525233588,train
0.7935978665838315,0.3822379762747965,0.0160152637159086,train
0.6660277706162291,0.5837452464716794,0.44743061318847005,train
0.1328646349543304,0.9994591597864964,649.7797292995707,train
0.1772659684594991,0.9963782929417038,62.940241885096704,train
0.9517772039972503,0.09486980483127694,0.001678001456099335,train
0.6699880115296288,0.5779453090700786,0.013983639054075875,train
0.7235855844120735,0.4964911823439062,0.0036298786731262978,train
0.3387831380229813,0.9370897381670893,1.897728085262331,train
0.23019988664816024,0.9862149093482463,72.89377394032657,train
0.25774078740427175,0.9774587926240998,3.96081574713382,train
0.2717844195444417,0.9720253713792388,0.5443175985718156,train
0.6857241556026817,0.5545968243883572,0.007865639239336048,train
0.5176237425363022,0.7771984160349515,1.19728483572271,train
0.28644331506081083,0.9656507745598771,11.424182446497575,train
0.8040627905334978,0.36443819699593494,0.0014817713220604707,train
0.15334233568861672,0.9985139972794008,8.397536736354693,train
0.8372537136851997,0.30679756695322513,0.003140580257976869,train
0.19538610714285817,0.9938200285431226,8.063161872932573,train
0.7442993095039744,0.463585738203974,0.32028151859914183,train
0.8247066049985605,0.32879681219656376,0.003231360312543118,train
0.1962840997305909,0.9936696857312105,160.98368666817296,train
0.17306446371892353,0.9968488434727752,10.657680300179974,train
0.3610599345640153,0.9222528082109362,0.11548925744157995,train
0.13890920373741794,0.999248573798238,224.5776973925169,train
0.4083217304933159,0.8857308127378796,1.908096511190315,train
0.3418793283465922,0.9351214605476447,7.494283767548863,train
0.2037968049867418,0.9923202230072222,18.047183493270992,train
0.6854778353567791,0.5549659899309118,0.0177982964078042,train
0.4083217304933159,0.8857308127378796,0.6472642924868249,train
0.13532166186314773,0.9993796430762286,57.66035008279925,train
0.4882115443624917,0.8094967573221407,0.017080093428595088,train
0.26223325624949106,0.9757923194204308,0.021997090729438933,train
0.134320388421571,0.9994130178450252,48.443527214088604,train
0.4935485203450674,0.8037977879538056,1.5816659118127068,train
0.21684031706020665,0.9895756915854781,26.355669418097964,train
0.2376376298913123,0.9840956198349989,25.70902950227887,train
0.3082256208642755,0.9548567716495595,0.023725496167257474,train
0.7808555114203595,0.4036638476160348,0.09777608068794422,train
0.36366779736032784,0.9204142689036079,0.26373463855246476,train
0.555864693599094,0.7320511888675914,0.29284321087053494,train
0.18039652789854668,0.9959988120749492,39.80607341476189,train
0.4687484056382051,0.8296569266432197,0.0054683390068668335,train
0.14339090754406655,0.9990578749688523,307.32949812780146,train
0.42685215588039516,0.869617028200023,0.06583644210979044,train
0.7822158351324161,0.40138958413344394,0.015994797496220625,train
0.4986423063864859,0.7982909756965076,0.009574144880594831,train
0.6231158109688407,0.6445729332058783,0.015775214751191133,train
0.3431200307775249,0.9343241668016639,7.315385271150506,train
0.4162332496762482,0.8789713289093559,1.8620666251735367,train
0.16751071232851564,0.9974052824220806,9.722611695480833,train
0.1628425841841279,0.99781797127093,283.38348165159107,train
0.20113943240711976,0.9928164476880207,103.77357007436791,train
0.2610159247158449,0.9762505356665915,2.923086685947603,train
0.18986315515928126,0.9946944796509662,65.1500043523752,train
0.6870511843960547,0.5526059744931706,1.8452634685025147,train
0.22603849140652593,0.9873226771262563,0.8548877493155005,train
0.8037976937395402,0.3648913429455428,0.00702150407949497,train
0.8041812522948331,0.3642356656245661,0.06144979414475831,train
0.35996666455367055,0.9230172828976182,4.563411313474626,train
0.26008345372278674,0.9765981830522146,0.0019014868204765413,train
0.9552017261470531,0.08823821754112438,0.019488481885110612,train
0.4148315497773069,0.8801820619617664,0.001999857880610006,train
0.39735605588726036,0.894798950379751,1.4365994689111907,train
0.1799700843167054,0.996051983433814,0.005195186283827488,train
0.2199378408899633,0.9888467961147209,91.55726037012462,train
0.43036394542337447,0.8664532216613682,0.05418480179875301,train
0.7101852129585388,0.5173626755715235,0.04047796828915902,train
0.5646116663747693,0.7212426840860912,0.0018092501220490385,train
0.23809476641261967,0.9839594928119844,1.9860369388554784,train
0.32664503495305053,0.944509743660123,6.312850508881578,train
0.36475391392884093,0.9196423458140969,2.382140864371203,train
0.8985908913152495,0.19571901353794652,0.010971412581840858,train
0.9434139992215383,0.11099599173077501,0.006843072603548616,train
0.19586066972510455,0.9937408644562719,158.19796548779726,train
0.38168703051869235,0.907139622403133,3.965045798938496,train
0.2746256862948146,0.9708459278580401,10.66608841941207,train
0.34671681208707394,0.931985206050447,0.04265262097738815,train
0.5943744788076514,0.6831722390776208,0.001384193581879872,train
0.8924615869838584,0.20707609296787288,1.1503760287300053,train
0.22132851937274733,0.9885097405467623,16.65498166527363,train
0.5964704762792604,0.6804173554282866,1.8562535130861726,train
0.3995395095830835,0.8930214250509415,10.360467037835727,train
0.325716825211939,0.9450576062408023,0.0325682469013848,train
0.24846359316363034,0.9806875860386365,2.8215557043016055,train
0.3312189541836077,0.9417693740064708,1.4012974822330189,train
0.19213398705036186,0.9943453116018138,3.273242044304778,train
0.43840438378125407,0.8590795372651168,3.939243295338119,train
0.6383108368417569,0.6234629067230653,1.2365999952513524,train
0.09421397177277695,0.9999754273406847,12.916124075637054,train
0.5832538992011137,0.6976275972461982,0.011232183847906163,train
0.7757555849874538,0.41216215124143174,0.05530601864948153,train
0.8075023795141222,0.35854818791029464,0.011885130439279717,train
0.26300133374294143,0.975500662008421,0.05264043168318145,train
0.12182907311049329,0.9997269840619405,0.060242276261889,train
0.5351426075853178,0.7569476303109453,0.02427013336243068,train
0.35195208788515925,0.9285076577991418,0.005258594195993949,train
0.4175389698976304,0.8778384318185569,2.60583955892944,train
0.8842000568096817,0.22229520815230575,0.01401403952060097,train
0.1489081013719509,0.9987780967415186,20.27659832127862,train
0.5880530629300676,0.6914226607524838,0.0018410525079392396,train
0.23902522751869026,0.9836803078083034,23.91747734534594,train
0.333851140426366,0.940161783055791,5.879870657266274,train
0.8976553030995884,0.1974561902640144,0.030222705418366577,train
0.3260335162123545,0.9448709974941776,1.6345028077824346,train
0.1901740199025932,0.9946475275254003,19.762384628249936,train
0.40707349714142826,0.8867807531982124,1.207538516013604,train
0.15881580006053306,0.998135689323887,385.78091431399014,train
0.5636513385579742,0.7224379116099495,0.03825256433780576,train
0.646340624935999,0.6121156815185316,1.802474841987688,train
0.4006880824962388,0.8920807557893203,8.082139630080183,train
0.3860462671413031,0.9037800393989167,0.3936629309467229,train
0.7391917025263499,0.47177124249318525,0.003631372841289276,train
0.8823638106813867,0.22566394783247412,0.008590162647431643,train
0.8313909634713949,0.317108265433356,0.017217075780151272,train
0.3206747799176482,0.9479847667091722,14.822397332105615,train
0.28831731703890867,0.9647841123037356,18.835482118944796,train
0.18866339969134727,0.9948731853588451,12.559241064000979,train
0.8264353686765988,0.32578070697104444,0.00786734444841211,train
0.12796733069542301,0.9995948805846989,1977.791765724178,train
0.30731429169099767,0.9553398503090487,9.681066350116975,train
0.8424937339532796,0.29753582650705357,0.002240698809802028,train
0.15196561676417367,0.9985999155648065,215.1642659271194,train
0.7191506429239143,0.5034353247573631,0.004368753223144274,train
0.30016058254513867,0.9590367008846744,0.016361147053226593,train
0.6206924706656486,0.647895200211578,1.1431378789060263,train
0.2756124382311313,0.9704299997808602,0.07155870011229916,train
0.9137671555355558,0.1673597838614106,0.013501418274278674,train
0.09210961204718554,0.9999807195884803,1233.2641037340134,train
0.7478684017818633,0.4578383218556712,2.0200794818328935,train
0.20361934870862078,0.9923540121885928,0.04270628925876554,train
0.8234063115938047,0.3310622082029422,0.020956336923013765,train
0.6661565743748166,0.5835570935414165,0.07624633229623298,train
0.931875473599447,0.13308251073892285,0.0002383460309044675,train
0.25892735761052604,0.9770251767163434,24.889435182933457,train
0.8313909634713949,0.317108265433356,0.027859469608490013,train
0.9320023823859788,0.1328406191878333,0.0007255448402536158,train
0.2559911326085953,0.9780896234005634,1.3271681483700601,train
0.2802712690048649,0.9684222789292058,17.72561094568527,train
0.7700425368268345,0.42162931280111937,0.1166184112146353,train
0.10255222231562745,0.9999417380523778,240.60252848044223,train
0.35375672956316906,0.9272889264208988,4.516457419287593,train
0.4364252964039752,0.8609112114874389,4.436740306038746,train
0.19024201319917639,0.9946372223340877,11.659052215646762,train
0.13234802064072504,0.9994748720869453,41.180461329737184,train
0.8042839353692154,0.3640600919603172,0.20110560266789085,train
0.473341388811533,0.8249885544146961,0.046363284561841966,train
0.8823894712591434,0.22561690649867583,0.13140144054679634,train
0.5537213749537313,0.7346727886321103,0.1388792712804713,train
0.39648726516954613,0.8955023148767078,4.47006685676562,train
0.269156612871601,0.9730921756868942,17.53722524914453,train
0.6756715039331281,0.5695679065104039,0.00844709315259616,train
0.9230265285400466,0.14989185891560775,0.0021891645769966683,train
0.2853553278288187,0.9661485579129884,0.0026521231518466058,train
0.23561591961623193,0.9846894709462034,21.057477175649296,train
0.600427836805033,0.6751899544523652,0.00999706237444756,train
0.8346275180164251,0.3114229772453764,0.07112183131829908,train
0.179378611266534,0.9961249552003191,61.54302294200393,train
0.9137671555355558,0.1673597838614106,1.2370906167725604,train
0.6190725759837471,0.6501091119759401,0.002199591019496571,train
0.41318864433419944,0.8815939527454801,6.12371960843784,train
0.6436173687429686,0.6159787371429984,0.05724556548607784,train
0.23834306984351236,0.9838852662957478,3.1607421428892697,train
0.32660704352594255,0.9445322223153579,0.01173562433547602,train
0.9072220763008438,0.17963180694924374,0.007963574321716618,train
0.719834428610204,0.5023670169979569,0.001957888028535559,train
0.7663916630217016,0.4276498138442574,0.002633673608464899,train
0.11000926085711252,0.9998871123667973,644.8274558979099,train
0.20891863665726745,0.9913043303037424,39.924975900272315,train
0.2909852317025736,0.9635301013029102,4.3522532938565455,train
0.2525020176880736,0.9793172028451909,0.02384255506857222,train
0.912488549522779,0.1697620938640031,0.00043314664921654855,train
0.13763872238657163,0.9992970961240256,133.04253970910258,train
0.3693736408920087,0.9163183569668326,0.6541739316100303,train
0.7678053609272633,0.4253212740150185,0.042602295431630265,train
0.49488264310006996,0.8023618415330458,1.353824289939811,train
0.5299890526002833,0.7629816672224267,0.9883199890450364,train
0.9576607944322484,0.08346613197379626,0.007786269378393248,train
0.49328904762020687,0.8040765391370309,0.3066854465160368,train
0.28146111501831284,0.9678978865758968,18.604082304173087,train
0.8051422950165915,0.36259173628187347,0.021958792864432964,train
0.4120238414714823,0.882590260111692,0.5824683627123531,train
0.15311516646577183,0.9985284231205508,115.12171069415591,train
0.7422376603510986,0.46689535895030765,1.2596063079758202,train
0.8556276649061182,0.2741316348701808,1.330232088721046,train
0.6399558675921367,0.6211489552978364,0.2034194047536049,train
0.15650585132413394,0.9983026587728944,354.5961233674882,train
0.68757008837857,0.5518265806166764,0.005315373363437621,train
0.7875283064090917,0.39247788797754557,0.030916114735023502,train
0.3974104593805188,0.894754831738682,0.1693553663591933,train
0.7286505463761678,0.48851664728589717,1.6215019934956705,train
0.4605537343683937,0.837847414866267,0.204109358602627,train
0.985080221661494,0.02969041360984448,0.007483009641375726,train
0.7855021872224609,0.3958823401518947,1.2383457331623362,train
0.21798060523519036,0.9893108598098488,11.269232715808585,train
0.4063930886534343,0.8873511659633382,0.10151684978799937,train
0.39961999051443375,0.8929556382946382,1.5431057583392658,train
0.23553610455439802,0.9847126422390978,0.5334045099484652,train
0.5484643631493373,0.7410577569281729,0.08873548601311972,train
0.3364068661825926,0.9385795967547085,2.9554699986239323,train
0.1725977116350778,0.9968984388192023,161.83198505895535,train
0.245398607027527,0.9816916132093236,40.45058321507207,train
0.20727233846191984,0.9916394789807638,8.407678023383555,train
0.6882436362467066,0.5508141427355365,0.2649545764443078,train
0.6520999465414937,0.6038964260390087,0.25895440161742933,train
0.1258411753710442,0.9996451106462154,130.59731913577068,train
0.4737223393442589,0.8245988603761203,0.017521205027127226,train
0.7129286154599205,0.5131167141171907,0.10611328376630841,train
0.5631976125018414,0.7230018885619256,0.002216195565905281,train
0.48288881934826844,0.8151078045310588,4.902548554163735,train
0.6667756419619022,0.5826523207479406,0.054380241229221006,train
0.9427423681341814,0.1122867758030911,0.020155813598377308,train
0.7943061292212724,0.3810390473171954,0.011158167129741306,train
0.7227533593857812,0.49779700727586074,1.5020532169983696,train
0.6121062185594622,0.6595669209861239,0.11906449376650094,train
0.14010796696841732,0.9992005985185278,693.9283460536114,train
0.7348847199730234,0.4786373831963793,0.006643908228219957,train
0.19830092448912134,0.993323575510492,1.5771737371807923,train
0.4701618532736324,0.8282261968705722,0.1377151047092268,train
0.7859682817176564,0.3950997834186273,0.004948854758430773,train
0.06847706123870584,0.9999995452071474,670.6366484014624,train
0.43020221122014823,0.8665996910049605,0.23509417050460077,train
0.8812646645252197,0.22767798470272915,0.0004985080314620257,train
0.5133781643830769,0.7819937016803244,0.012994607336414037,train
0.1785546096324737,0.9962251180236844,30.828689840519445,train
0.3846998913801993,0.9048237658898081,0.9890373188973269,train
0.905787208293996,0.1823137915125016,0.011447140248511444,train
0.3896296365748967,0.9009757078229702,1.0442975458841635,train
0.18798488171333982,0.9949725005641545,43.152629912360936,train
0.22280490320762225,0.988145225667029,6.059924934769244,train
0.3450942786197577,0.9330454053340498,1.6896977436525638,train
0.31257565383287095,0.9525132565448567,4.631835335748232,train
0.2231810522347305,0.9880512516267064,7.090871738870529,train
0.7707428667950199,0.42047180177266863,0.002259466187289702,train
0.8260765877701636,0.3264070534540985,0.014201573113008797,train
0.24853761465506222,0.980662954015081,2.6992633641272867,train
0.8903472148403899,0.210980855721018,1.2605342247514069,train
0.8950430016861683,0.20229976435933694,0.013815093898487792,train
0.6688264368520617,0.5796496778921985,0.15404664426933848,train
0.6985890104840421,0.5351550133094705,0.013577272570107058,train
0.59603731065092,0.6809874728341848,0.007216417081655754,train
0.20039602973906467,0.992951540321955,27.771462254707437,train
0.868345113538928,0.25121386250833566,0.05293055630089341,train
0.07471439580118967,0.9999984608510164,1118.9763677014437,train
0.7583401405986914,0.4408456049375429,0.05274580272472225,train
0.6337549157042315,0.6298424311471154,0.01091487421754643,train
0.699926317158858,0.5331160200674036,1.8491357785295217,train
0.4297648481770685,0.8669954070353612,0.022636046490386252,train
0.20126887358831497,0.992792759472683,0.02141939907124318,train
0.11392791959894594,0.9998456248164228,931.3609732297354,train
0.6452766042361077,0.6136268317345854,0.03395115374561476,train
0.29018683137550416,0.9639078625311901,0.08443191724161044,train
0.34839969169037877,0.9308767769309693,0.37706148412474855,train
0.1839015797058463,0.9955438039164277,2.772724669675041,train
0.3323430837206545,0.9410855456700794,0.33185664530500597,train
0.38003929014498883,0.9083945887097861,0.015611200498054971,train
0.4630771259141959,0.8353443534382623,1.5358239710535064,train
0.18803114257797396,0.994965769360171,117.47706849539755,train
0.3304352323524176,0.9422437182748901,7.563782148250478,train
0.2377389547269009,0.9840655060180957,4.101780954393662,train
0.17943607007399698,0.9961179058054627,147.86589620271238,train
0.7607874006619626,0.43684667276337574,0.05306593030148476,train
0.3619824187880803,0.9216048686687177,3.0849393892487442,train
0.1425945070471037,0.9990940619311743,687.16181859109,train
0.5460680866320583,0.7439467973606284,0.23597576518530586,train
0.7184629475294176,0.5045088747404003,0.005343917667187788,train
0.833254247008261,0.3138372890021669,0.032245342387331566,train
0.8431042308133992,0.29645394776131384,0.0033172033982668946,train
0.11356715831199042,0.9998498747509917,961.862154946475,train
0.6166718439598625,0.6533800315059686,0.05688674289647595,train
0.6682285104719163,0.5805259775193625,2.7143375647458927,train
0.38531655186580827,0.9043463988073797,1.4809207280666343,train
0.9377268093694169,0.1219058039579971,0.003020049779723554,train
0.8840078466594413,0.22264807114283003,0.05579524042839205,train
0.47346596294363386,0.8248611629568368,2.525192176177912,train
0.254624246944884,0.9785753587882963,10.193864080988524,train
0.1471967858603025,0.9988704692418542,255.60066901295767,train
0.11440736356080497,0.9998398334206372,29.203096268119964,train
0.31493234745245513,0.9512176816385233,12.216572838685291,train
0.7768531712185531,0.41033692535198973,0.0007672175715611924,train
0.6609977748022023,0.5910672895443171,0.002818387346619287,train
0.384316740570294,0.9051197937676351,2.7952616235148873,train
0.4560376708935702,0.8422845118321831,3.695474641224763,train
0.1393777179778819,0.9992300800384758,0.1330823897520383,train
0.6520999465414937,0.6038964260390087,2.5266632375995495,train
0.5362638133807787,0.7556264657473496,0.0019217778419142928,train
0.4752243802200978,0.8230586398622808,0.1626289341250988,train
0.1430165995516935,0.9990750099920199,41.53175867523921,train
0.2705413494804404,0.9725328954211303,4.004104342275055,train
0.9673396741044199,0.06460165855372002,0.00021834375513561516,train
0.9813396686047258,0.03708706751925428,0.0018311735393458629,train
0.17553229411086516,0.9965777637078057,145.3973252334227,train
0.6924769357476296,0.5444310570825186,1.1392895690903562,train
0.7489627942248032,0.45607146690402656,0.0010734325015097853,train
0.12416494366327442,0.9996812923156074,6.085302038731351,train
0.1610074924340052,0.9979670444799527,253.7311228977171,train
0.1880865506536943,0.9949576994868257,170.6119563679405,train
0.6104840628290897,0.661754451964131,0.013920524175194312,train
0.18891609044302077,0.9948358761220338,10.275437962845958,train
0.9338921336520868,0.12923597921873842,1.0739858738644485,train
0.24026242712371565,0.983304696616012,18.039680998021637,train
0.8040241177224371,0.36450430999962946,0.005947546062832127,train
0.25217828841544154,0.9794290500950353,48.73182130990829,train
0.9316059594660026,0.13359613549434346,0.0012248742507807598,train
0.17280161831860585,0.9968768374486425,2.401333866266468,train
0.29507706319303634,0.9615607717536911,9.447356655212849,train
0.23049475249282197,0.9861343029280932,2.5287281394279555,train
0.475917822757512,0.8223455793507168,0.04496296075902698,train
0.5456155302846037,0.744490906553617,0.146644987173449,train
0.7556921086779314,0.4451608202936579,0.016160298801611638,train
0.6444567961973644,0.614789578372009,0.09357791365480432,train
0.12084810296928561,0.9997446147444815,379.3480977635757,train
0.7882880303268032,0.3911995530026914,0.028112696891364704,train
0.14200318780865295,0.9991202742244516,6.919378487715119,train
0.9610729991059906,0.07683044299243669,0.0008051903814546083,train
0.45595487810310603,0.8423653450347748,3.3884470203058834,train
0.462901092314369,0.8355195202957314,0.6236024219258756,train
0.13298566701702816,0.9994554290913668,740.5977944350063,train
0.2955086403971965,0.9613498161333323,4.124939300720707,train
0.5919136051722843,0.6863944654123759,1.8510558170987135,train
0.15136105313600645,0.9986365147794883,34.43480219232938,train
0.6047847460686312,0.6693956186369261,2.749367703246894,train
0.13176489161470392,0.9994921991303815,0.022174758243196938,train
0.5973300334607384,0.6792848283385446,0.00240889547783496,train
0.29023251722817517,0.96388630363203,1.7779916481666664,train
0.3219713026156229,0.947239960705231,0.02417150972629143,train
0.2629751317761046,0.9755106439719228,21.583688713175572,train
0.5182802485993574,0.7764529600450838,0.0017269813753601712,train
0.4776967209173074,0.8205106131954523,3.956793745782871,train
0.18196832169020422,0.99579875441871,3.898222366737891,train
0.2893608869935203,0.9642964221773975,8.176948041822705,train
0.37420868963798853,0.9127692570570518,6.3046680525665035,train
0.6664048983658087,0.5831942565098327,0.03801803203985208,train
0.8815522066269782,0.22715127888304765,0.024189014736044175,train
0.9200002116267467,0.15561472223608042,0.060332805954973534,train
0.15187937503007828,0.9986051783548417,312.83060265317005,train
0.16939561612685936,0.997224588610919,118.11487104705908,train
0.5424580080080733,0.7482738125032882,0.0031516814520520238,train
0.9572158822708188,0.08433015608249139,0.03892993270211142,train
0.5046027865147773,0.7917641625454059,3.4073751947574,train
0.21271706513979977,0.9904995677817957,0.7968729686879282,train
0.2043093404478075,0.9922221056242772,1.66049732906872,train
0.20370675721856335,0.9923373805695505,9.65742073346336,train
0.836486757506464,0.3081495094515554,0.009825537428822518,train
0.49045909537135385,0.8071056232269711,2.870701850199305,train
0.29497799917622786,0.9616091070910157,15.870323360414117,train
0.37139480530548247,0.914843454231066,1.1477731816781604,train
0.5186959619814121,0.7759803765221982,0.0014087087168930062,train
0.7390155296805117,0.47205274765429706,0.00941812591224778,train
0.7706566190617857,0.42061439829419356,1.5233128965343812,train
0.9313865168410794,0.13401426005264028,0.000894815169623011,train
0.1970777963136505,0.9935348780615776,0.003396319502051605,train
0.518711816951049,0.775962344207261,0.011198306533781864,train
0.18696692683632565,0.9951191410905809,170.8155795644829,train
0.4035561940515573,0.889714910521027,0.010746136727718248,train
0.23739257314238507,0.9841683122704202,0.6752762094982167,train
0.4026938442412171,0.8904287770041497,0.1300633047036095,train
0.14247145355449883,0.9990995625090341,189.1708886185042,train
0.5256318700480009,0.7680335160303385,2.781428589030302,train
0.38688770278238016,0.9031249872909971,0.18102741982363474,train
0.20508219312755827,0.9920726728771181,7.244781791471747,train
0.4844771716710796,0.8134410506160616,4.002256748690229,train
0.7391728797955676,0.471801321832683,0.001007574193658707,train
0.22727097656400916,0.9870003796229719,41.87521105073237,train
0.29421351167263277,0.9619810192401822,16.469864840313083,train
0.3673197716118556,0.9178042745163499,5.699282748273233,train
0.8802482294082693,0.22953884001255498,0.03446849796340315,train
0.8640766963866687,0.2589336866462697,0.01658377643665389,train
0.30081612905055893,0.9587049729329218,5.433915954695882,train
0.6700759610919734,0.5778161536229103,0.00243985649182648,train
0.7637957107812289,0.4319166705476799,0.00745382667955803,train
0.36546389451593214,0.9191357788295211,0.012352338912581392,train
0.7316184240010322,0.4838222247093543,1.269617721229959,train
0.28127971848887556,0.9679781377441852,32.13474240723965,train
0.22692991036612237,0.9870900557836406,0.1850899807914517,train
0.7717744238722563,0.41876529940972773,0.005216414579062276,train
0.46106947949598004,0.837337208200614,2.2872573564523346,train
0.8163922255477997,0.34323509906144256,0.018911685131214016,train
0.745609871643618,0.46147792696598955,0.0011036998134647355,train
0.2881370269965013,0.9648679993390794,19.250073517373608,train
0.3572001823590613,0.9249351424923042,0.011026009286457602,train
0.1931945347317331,0.9941772976063709,0.037045819452340006,train
0.40745712538018014,0.8864585494026008,3.347521869989513,train
0.32355934793733404,0.9463202368610638,0.058617408732906745,train
0.13920490020727966,0.9992369397772173,375.09148743149666,train
0.5575622871469766,0.7299672458782467,1.7658976833958016,train
0.7946380697271604,0.38047685826714606,0.0018244741884113876,train
0.3293038545581461,0.9429249867273779,5.104601146230216,train
0.33090776257090104,0.9419579583201438,0.01984668227209103,train
0.9513743324669226,0.09564888683450601,0.0070304219240004285,train
0.18673729698140754,0.995151830624013,205.86228671497858,train
0.32616350685399187,0.9447943070517012,0.0134733275118786,train
0.2207371699392361,0.9886538099420413,8.604566224658388,train
0.11735325125903912,0.9998004769022159,61.276948659723956,train
0.4653916246430625,0.8330335766415139,3.0389303636554925,train
0.31791382733349427,0.9495525865019069,3.5924668907433186,train
0.18943341603806055,0.9947589461591729,0.0023226976591775896,train
0.34235337421103235,0.9348174095004127,9.842187878715182,train
0.9024867379515527,0.18847136538676212,0.0031596514882872334,train
0.5857705434680202,0.6943801225372879,0.004917812192949499,train
0.7579613196471179,0.4414636809121234,1.9752213416533817,train
0.36581784613258483,0.9188826550266109,7.301048156617853,train
0.24207048025210304,0.9827467475885748,0.353785253952452,train
0.7699316524243737,0.4218125060171223,1.167190982322448,train
0.8275503129345184,0.3238329570339421,0.02711452658223326,train
0.46668807749612795,0.8317329885403673,0.002435026488927611,train
0.46290215929158174,0.8355184588208858,2.080432231330222,train
0.9497140657241372,0.09885714698132553,0.0005181020610966745,train
0.22874969452600913,0.986607266429335,0.019326935982347797,train
0.20528910566901032,0.992032362928763,99.91987355367965,train
0.4784232948461592,0.8197587662134592,0.0019735639284110657,train
0.9522345645989174,0.09398507511126541,0.0006928143756357189,train
0.6973610458899243,0.5370243209434051,0.02581913654339551,train
0.5097525117243086,0.7860536400325352,0.44611182277334677,train
0.7721140670341579,0.4182030283589271,0.022141540287746255,train
0.4006628054919363,0.8921014990852201,5.409858015675789,train
0.3662158933343764,0.9185975350215492,0.67512599724548,train
0.24805986290525603,0.9808216156513119,0.023669317383244157,train
0.15188146340219158,0.9986050510796903,548.6179951423901,train
0.689502727127332,0.5489192238785232,0.3611931333608977,train
0.2825695587051628,0.9674051150950344,3.169286728072515,train
0.22756439418036986,0.9869229333445426,0.010991172566120167,train
0.5011392681701246,0.7955676214394487,0.03381054062324992,train
0.7628344308358453,0.43349372092573846,0.018742899650478498,train
0.7962511042671055,0.37774233238898935,1.5615323616630996,train
0.9451524461642,0.10765197300923757,0.00631908382555787,train
0.9537912037543286,0.09097167993875288,0.0036191363023578846,train
0.33528103456908726,0.9392791524896659,0.8017025200162979,train
0.6425834858148544,0.6174413982588169,0.45607900664255885,train
0.9733627601368244,0.0527971983560197,0.003249724972639431,train
0.1728032882372635,0.9968766601255962,7.164844391183188,train
0.7537149775896399,0.4483747278120892,1.3673694759514774,train
0.23740664445844784,0.9841641435308257,47.91127734632669,train
0.710904946901161,0.5162500951938017,0.0019425018049738702,train
0.8008070909491941,0.36999530714810713,0.026075147847336073,train
0.17782390577399326,0.9963124905699635,30.953116875730228,train
0.2933621482869069,0.9623929090975109,0.4978099409826574,train
0.7778542206352438,0.4086704413418687,0.02009713928518227,train
0.2753741078018008,0.9705307572083965,11.329979150353786,train
0.6318423579626565,0.6325077932098322,0.3588582685716459,train
0.3720922591290983,0.914331596854041,12.828983028723304,train
0.8497620186545848,0.2846174032378249,1.2982781545404822,train
0.14917859974344092,0.9987630200776382,342.3659300063413,train
0.6067762872571717,0.6667334311598918,0.006441950259660019,train
0.22692158701612244,0.9870922395753213,3.180804331762266,train
0.4819154351025294,0.8161260144705611,1.2210978190619102,train
0.885054643396745,0.22072566852797382,0.0007195448288568558,train
0.5346687653816443,0.757505078359149,0.003247404162442078,train
0.7006575394916951,0.5319996996324233,1.3469594901476263,train
0.7581646929763678,0.44113189261434027,0.0013659144855663258,train
0.7264356063089461,0.4920097060429177,0.1413643139121672,train
0.15258877698922832,0.9985614713296379,0.19599776076860603,train
0.9214251558783128,0.15292175657522455,0.008957591362872155,train
0.7120236171668867,0.5145189217900914,0.004062236917373765,train
0.7683374205094082,0.42444401031959,0.004692013237081764,train
0.2850044444227684,0.966308254255231,1.5096988217320053,train
0.2084221695261757,0.99140626420217,80.4329698513542,train
0.571343690822344,0.7128051256088028,0.0018494852600262094,train
0.8723714665725704,0.24390622834476317,0.09634716024623037,train
0.14745414875443696,0.9988569063599432,72.0765417352656,train
0.9752771840970996,0.04903475613296071,0.0002518491105636357,train
0.4664601110242501,0.8319620052132031,5.814579947559321,train
0.3420350595407406,0.9350216540581315,0.041921272650923304,train
0.48728998439681304,0.810473450676478,0.48726188349410066,train
0.6163588681705133,0.6538055547328476,0.0038487889682261105,train
0.3372990816416054,0.9380223192233597,2.636425428355859,train
0.6154317279489464,0.6550648833174847,0.0015883033258865234,train
0.9674592890819048,0.06436771445320777,0.0029268056752915677,train
0.17383433412155955,0.9967658815936083,1.300004763113444,train
0.13825282495175487,0.9992739368410712,3.2737408426721464,train
0.958442887562901,0.08194663099250998,0.01849088670265118,train
0.25488157668435635,0.9784843892010047,11.818811734575924,train
0.9519848989498111,0.09446807085725473,0.0005661056213207754,train
0.3329402172422679,0.9407206448599347,6.284269911984449,train
0.7024713601003122,0.5292262898043532,1.5116842082496802,train
0.35455190592577945,0.9267486763310349,1.9504475004392936,train
0.2760009549117647,0.97026534191266,0.005954590562097372,train
0.9519326486136538,0.09456914176034104,0.0059152066693814054,train
0.6452904792358842,0.6136071408666668,0.01396780625813452,train
0.3423774766490132,0.9348019312011404,7.576866522843399,train
0.23512779088999627,0.9848308563457112,0.040133685521096155,train
0.48993402024398186,0.8076653989198921,0.007299671032133874,train
0.21005166040640344,0.9910688935906561,5.331311276584178,train
0.3222521276326344,0.9470779161897468,0.6268987519798886,train
0.8167995022961279,0.34253045733222964,0.01708074524365367,train
0.4818383522167776,0.8162065423949862,0.02484219058970231,train
0.7043681015692383,0.5263194851048805,0.005332699103990877,train
0.8204221519396847,0.3362509400121477,0.009023562553386403,train
0.44586098139548236,0.8520811665083721,1.2078050373142593,train
0.8611724518661232,0.2641702412507174,0.0014853345027488363,train
0.5143773845364795,0.7808690912767331,2.58483280068621,train
0.1594816143386271,0.9980855231636825,14.71826729159613,train
0.7670165710863327,0.42662093689012315,0.17356714107808957,train
0.49003114240262025,0.807561911362304,1.6947951105264751,train
0.10714328663776572,0.9999114966268098,3317.303488205817,train
0.31856529014915164,0.9491848914077334,0.02339722504911418,train
0.29301120993603436,0.9625619917437952,3.357347236018167,train
0.5999173321983761,0.6758662025500034,0.006022537667947668,train
0.1590499502246718,0.9981181523511242,0.07123808428980882,train
0.3617676867237531,0.9217559291794042,11.143882386696994,train
0.6489786419608569,0.6083592162162207,0.010480073455561822,train
0.7338045423419595,0.4803541606036964,0.03969356579054227,train
0.4766486709356324,0.8215926952577957,4.054876941214797,train
0.205825214957011,0.991927323518653,106.74299325565462,train
0.7393298928152559,0.47155039047501246,0.000988344893238544,train
0.4400765834212089,0.8575234334281125,0.656300530988462,train
0.25275149064732816,0.9792307734670622,6.021736725602796,train
0.5321628461050381,0.7604442336603371,2.4022409033002514,train
0.5177907350366722,0.7770088977709242,1.0872455641622145,train
0.4768734377438571,0.8213608711463751,1.3527138156031855,train
0.49813659979327723,0.7988406208664063,0.07089065204977357,train
0.901632837967824,0.1900618410275986,0.059972502161646284,train
0.33091594472121894,0.9419530038732932,2.7797870030825806,train
0.22879337945503808,0.9865955461105314,40.76753081205448,train
0.29023251722817517,0.96388630363203,0.013234500058279175,train
0.6285188041392644,0.6371215356041261,0.0016672001282497725,train
0.5431028906021691,0.7475031094361231,2.4574979331252216,train
0.49663083884305564,0.800473387141532,2.1964312416966663,train
0.4092613670128679,0.8849374628478136,3.396993136088715,train
0.2206666597333334,0.988670914576689,1.7022190790518958,train
0.47002994489125977,0.8283599410841862,0.7806762202102755,train
0.5593279436973277,0.7277927059924845,0.0014697459728193246,train
0.4957688231512977,0.8014055302034456,1.357447510027642,train
0.8548494659315315,0.27552587520084215,0.0862304475505313,train
0.20360521825825562,0.9923566987215929,105.4043744576433,train
0.3544262486543084,0.9268341808421938,0.0018820210525027808,train
0.6018664754628633,0.6732812082925408,0.040559816500569536,train
0.7646893931052473,0.4304490807367993,1.8398319988034384,train
0.7631899318604991,0.43291068233816277,1.9017515399041596,train
0.21589192366584828,0.9897928653851591,10.64825930613599,train
0.8332328794752514,0.3138748309330769,0.0026354628977938582,train
0.3860611149007179,0.9037684989122658,2.9444649046058387,train
0.9345797452253787,0.12792311694338565,0.014283481178766204,train
0.7770838545338752,0.40995304993573745,0.16561461358112206,train
0.8755932746605222,0.23804097751568265,0.041551190930800196,train
0.49157702147641774,0.8059114722527475,0.0016161755397705003,train
0.539686089882452,0.7515753745960283,0.10022159653879603,train
0.5874809422286749,0.6921650366788924,0.023558069290135368,train
0.8498204960403278,0.28451313096524855,0.0013077909010557672,train
0.7630617593500442,0.4331209166545732,0.0040858154612431995,train
0.4163487048919089,0.8788713520073909,5.83776318156444,train
0.5030581681542323,0.7934640954531453,3.653740779153478,train
0.918919200705714,0.15765573529526966,0.06339322988817828,train
0.19671771511357214,0.9935962615992504,5.417968768013148,train
0.4361704446906427,0.8611462901361119,0.7797218254605077,train
0.18305501810371927,0.9956566595134326,84.09018450295213,train
0.5695045697455867,0.7151203789808922,0.046845376114842255,train
0.4052875480074264,0.8882751100627494,1.1480162723336513,train
0.7485007952216238,0.45681760511979264,0.0017118351946383173,train
0.18348354607995362,0.9955997695565322,133.9146199989468,train
0.8743829492433421,0.24024621013570313,0.0006584670383225042,train
0.5196295766138105,0.7749175029410479,0.0594749135125891,train
0.3860462671413031,0.9037800393989167,2.8985701961792145,train
0.6807193092211362,0.5620747870196259,1.1475484780705922,train
0.7415907061272919,0.46793237077462657,0.0030367126452486445,train
0.9178541213247949,0.1596650112173248,0.02182551615711129,train
0.44828048319683284,0.8497775469695361,0.018979435618114132,train
0.6961018472504342,0.5389382161864498,0.006123571007198043,train
0.786172677582089,0.3947564940340742,0.00959948708598822,train
0.7443438428253925,0.4635141642022126,1.2579220477261,train
0.4486154975553291,0.8494573180909716,0.11912993034618184,train
0.6111182355282029,0.660899915903592,0.03673590749186628,train
0.14727545576256754,0.9988663356232096,117.33864201465464,train
0.11236508491188552,0.99986338527697,2301.687116907452,train
0.7357568682895239,0.4772497043247188,0.32331160366795153,train
0.3194936616706514,0.948658512297975,8.73893477576367,train
0.2264135606416638,0.9872251102450685,4.623282764509345,train
0.41929650862137746,0.876305818291084,2.471107937943553,train
0.19636268332810836,0.9936564192315337,40.290446079962514,train
0.4936115120676834,0.803730090219505,0.0017188217555946538,train
0.6060383201382769,0.667720899138464,0.020526230955751113,train
0.2419112905745139,0.9827963030284292,6.447501646526503,train
0.25096369686242165,0.9798455863637736,3.1902102925756015,train
0.6339191332042472,0.6296132239334535,0.24030171809051745,train
0.4013206229833923,0.8915610579433179,0.04814718982537647,train
0.35106244695124783,0.9291046953046984,13.169477446725503,train
0.7270253295987441,0.49108055703733144,0.009985532088718777,train
0.3667095877290517,0.9182432243598712,0.10221442584163322,train
0.4256548310130157,0.8706877685421537,2.040393750190426,train
0.9651484608984392,0.06888376212720393,0.0020826703146996943,train
0.4270319135163247,0.8694559257793435,5.2946712332363814,train
0.4810379905371566,0.8170417651258056,0.004645839040649721,train
0.9439806515811804,0.10990646682583904,0.0005589519864727678,train
0.46379150937572927,0.834632639865545,0.01906371890318594,train
0.9306069174746252,0.13549914624532367,0.0011686685338669245,train
0.8014349851906126,0.36892492893937956,0.0015358262039782955,train
0.106058749972106,0.9999195583089223,2136.4751656752,train
0.3740529871095191,0.9128846620823686,3.9565267579571235,train
0.19588592383703157,0.9937366336390453,2.74863282333085,train
0.2581173339262495,0.9773216970417014,2.11047493550127,train
0.7208752410057374,0.5007392645016548,0.08314003311514465,train
0.8639930892847855,0.25908461792063253,0.06816832963126487,train
0.8331583575654181,0.3140057573499594,0.0034358479911050276,train
0.5935161342165972,0.684297643776006,1.7281240521560313,train
0.8793467682549077,0.23118789706292198,0.0006609521603817099,train
0.20366992275728127,0.9923443920011746,25.52416752052938,train
0.2828425759904663,0.9672831122794274,5.880186316912282,train
0.8123702453906398,0.3501791265943346,0.009352155163151538,train
0.13020131763818082,0.9995365696658272,469.5352474600511,train
0.7391474366854137,0.471841979747062,0.11625769894886867,train
0.3807958749713809,0.9078193706789459,0.006837860241873365,train
0.7528158945609312,0.4498339530801203,0.005375148653369373,train
0.4086494403098507,0.8854544129264776,0.38360536010140256,train
0.3224075300518203,0.9469881340870925,0.41127643164156685,train
0.1819722611134299,0.9957982449089575,14.762233545106303,train
0.9543063250115241,0.08997374454346485,0.00032519243966133113,train
0.6575006432826185,0.5961284032724984,1.4901464772326933,train
0.6035673232759475,0.671018809650606,0.36117265302127094,train
0.17243298147801747,0.9969158164271981,85.20095900231435,train
0.2229327691372485,0.9881133310367826,29.8202896193441,train
0.5828781618525102,0.698111244618769,1.5334669373920908,train
0.2652764030082473,0.9746252035954989,6.323371626875439,train
0.35075218934269026,0.9293123234947311,0.004973619720939419,train
0.2613328126475233,0.976131731874388,31.006219195310848,train
0.875238729366798,0.23868719566246177,0.005529222727144131,train
0.7351652116637477,0.47819124093994403,0.0008768131569298118,train
0.34877590178537526,0.9306277626504172,15.729912191538302,train
0.37018263152098074,0.9157295165777668,4.653683985054741,train
0.09305949559281164,0.9999784596406351,200.77610834371404,train
0.33644268681870404,0.9385572722993892,4.976294282377894,train
0.23932905524191458,0.9835885307545945,14.842210218034008,train
0.30909063507857604,0.9543957140581557,0.026671019618757102,train
0.4090648235799119,0.8851036192620397,0.011229676605693498,train
0.15171758254547438,0.9986150138752844,18.68100733415489,train
0.5206888216573587,0.7737090293654804,0.020258157884811456,train
0.6227021312312964,0.6451409366830108,1.1873030730329632,train
0.9127712570904285,0.1692311339689181,0.014302790892008675,train
0.937971950795654,0.12143649208024343,0.0022573517281619243,train
0.8305097976135651,0.31865321033709026,0.027596520910053185,train
0.6449231255286907,0.614128343436082,2.6572474767478442,train
0.4651694963913147,0.8332559657109144,1.699244827264121,train
0.10510984595261398,0.9999261263059815,625.4669336956275,train
0.143015299210505,0.9990750691247019,37.49918939812856,train
0.2351688703496554,0.9848189876529329,49.53435425875853,train
0.17823025327374128,0.9962640699491389,2.321881037999479,train
0.25570536418107137,0.9781916877947764,6.028188680578765,train
0.880736636467522,0.22864487572994574,0.04840171889387401,train
0.2159664579434599,0.9897758990953182,0.497768050533808,train
0.39799352712845476,0.8942814435845718,3.046651640109735,train
0.7618560975603456,0.4350971002195194,0.025281154186389973,train
0.09258765628467476,0.9999796077484163,3361.60755891622,train
0.7508188352263896,0.45307012067726193,0.0039137653609763266,train
0.7646602192237584,0.4304970114512482,1.6742346039743017,train
0.8314880808230923,0.3169379139257985,0.025947280711287157,train
0.2694925700321731,0.9729570752463035,19.25466877728733,train
0.35895987715236616,0.9237179963710488,9.199119577800051,train
0.7926487134573155,0.38384336252089823,0.12647322427692645,train
0.5592193349480219,0.7279266728566416,0.12301438222789479,train
0.19274344990784748,0.994249146045235,163.67998060321025,train
0.9897794523171624,0.020371217245961803,0.000613731310280551,train
0.3417230278733149,0.9352215542853677,8.961944970007712,train
0.15807532829061297,0.9981904013287171,58.80255163000147,train
0.905594723243714,0.18267334480052466,0.004865507802382585,train
0.7472035220514471,0.45891070976295967,0.0017285095268809454,train
0.41487522454661513,0.8801444225561191,0.01177768189441326,train
0.6585898183880824,0.5945547388671593,0.004931627153867324,train
0.3801944329911139,0.9082767774305038,1.0920685633803706,train
0.32269713947439693,0.9468206058276183,2.5644325160063244,train
0.23447990444828154,0.9850173180933112,19.57142938968495,train
0.8011791375914801,0.3693611540515317,1.4691149255366158,train
0.24614563837585537,0.9814497610031442,3.8726853204613363,train
0.3225022802190999,0.9469333546531596,7.336990257742499,train
0.7827282932631352,0.40053201440633157,0.015116387769010883,train
0.23019202830626984,0.9862170537190826,0.002676762556209776,train
0.5233350701602447,0.7706780343492838,3.0970502421443245,train
0.29984183705464024,0.9591974823058136,12.367107702404375,train
0.9549369897989479,0.08875146398170364,0.019489045246270823,train
0.29073456773814915,0.963648930938187,0.2690255336644336,train
0.7055226898955044,0.524546749656805,0.0690314469369201,train
0.5065164862125494,0.7896497711331938,0.01355012487357999,train
0.664382665206009,0.5861454920314739,2.4854206237909495,train
0.45971274056576505,0.8386778504431923,0.06656940810540908,train
0.29211220007254896,0.9629932673375932,2.6822293588416715,val
0.6035659470084921,0.6710206428250709,0.057438370593707044,val
0.3908805306621427,0.8999877317380073,0.1138145770606887,val
0.22879337945503808,0.9865955461105314,46.78306141339858,val
0.17816091312940058,0.9962723622504898,251.091597108043,val
0.38429397073097094,0.9051373721837375,0.0016824005101054858,val
0.24190398880246763,0.9827985740587499,0.18541198202021308,val
0.28644331506081083,0.9656507745598771,14.23050198925287,val
0.43193385813439117,0.8650276709289897,0.027009758859209775,val
0.3211746128772254,0.9476982785243911,3.977076072196871,val
0.7423139659703812,0.46677299841447784,0.018400881103797655,val
0.3853346432460976,0.9043323767272926,0.11364230613709567,val
0.6396893230625824,0.6215242609347548,0.021529884142574236,val
0.8315396870610344,0.3168473863697169,1.499968438332764,val
0.39544890966711427,0.8963400327543443,0.4342733272535039,val
0.27101699803108226,0.9723393066421777,7.875420444173301,val
0.3861136488508376,0.9037276613593322,0.021083177527851604,val
0.2452468954581905,0.9817405050334264,19.32115903360364,val
0.29699558944405713,0.9606182566730765,3.7519089339148075,val
0.3718258517464571,0.9145272874423793,1.2564004298391638,val
0.5677124597925082,0.7173690871935732,0.01695330927303128,val
0.8129102539525572,0.3492483262778514,0.006259801713027747,val
0.7521266249769198,0.45095168507556516,0.008431616132529815,val
0.4243944994753341,0.8718104780735421,8.054412749620646,val
0.9466914190499189,0.10468809878347951,0.01134200363996562,val
0.7431418868446484,0.46544471165938783,0.0008810821681762475,val
0.1899692527250592,0.9946784850494982,0.0020846610723319185,val
0.6651970582266277,0.5849579419990341,1.496741211008842,val
0.36930370936045254,0.9163691637229338,0.16167059762079136,val
0.9788231959452238,0.042052505246749305,0.0003376790105718874,val
0.24268665504197692,0.9825541483951442,39.069006444052924,val
0.9584877625921137,0.08185941907496386,0.0013924132632053825,val
0.16635805651921967,0.9975117443236624,0.00832787783841585,val
0.5145255253695339,0.7807021513148977,0.003984992668282423,val
0.22140010571212992,0.9884922251624216,13.876875434375265,val
0.7048129160217207,0.5256368198655746,0.028860502897256897,val
0.7676064190598042,0.425649165280062,0.07003715768649936,val
0.8610432070348301,0.2644029759740012,0.0006696410257134199,val
0.3544262486543084,0.9268341808421938,0.00929966066777593,val
0.21068925829584242,0.9909346833157893,12.390471694932092,val
0.5101336443858102,0.7856283839723242,1.4650332766464367,val
0.7583875221421322,0.44076828060569484,1.2244119271972362,val
0.8231857146329825,0.3314462657145849,0.029482477139612547,val
0.15235356316940746,0.9985760684504202,0.5131855764130431,val
0.11922718057252862,0.9997718336316087,725.593307408327,val
0.35165620096630035,0.9287065035410118,0.17819486702983708,val
0.8622749148255554,0.26218395680552864,0.02825580904049755,val
0.20399261014688128,0.9922828313280025,91.1068913874059,val
0.9101171245605416,0.17421132505887904,0.008325392525048995,val
0.1331426157723892,0.9994505630602027,511.08268117066393,val
0.1745768081796926,0.9966844974395417,257.1022315825054,val
0.8168674562446775,0.34241286188874187,0.0014500436702286487,val
0.8756579017306592,0.23792316326093121,0.0011282551328726524,val
0.17458161807988226,0.9966839657958927,237.17615544892743,val
0.4038787220171552,0.8894473583272483,1.3880157994605258,val
0.9405931781022341,0.1164129399334014,0.0002503462250429637,val
0.26661928763848614,0.974100338968304,1.493137768377702,val
0.9697878719293129,0.05980952504992498,0.0026390149164458206,val
0.6784435758169055,0.5654590720110722,1.6135632550273573,val
0.18704054565555658,0.9951086306037202,15.462126338262133,val
0.19612153465246093,0.9936970737609081,34.37306117438664,val
0.1800777962706815,0.9960385976607349,2.3100005752509425,val
0.8193292857311671,0.33814756312541283,1.0678409946405358,val
0.6166718439598625,0.6533800315059686,1.1064515235692143,val
0.9358670724684092,0.12546340013861967,0.0035115867152256284,val
0.5146467938991479,0.7805654535742174,4.443157742844,val
0.6988629170256176,0.534737662233883,2.2245824086083625,val
0.6471587668823356,0.6109521749813321,0.0027562885825456913,val
0.2039902679405519,0.99228327927879,132.43842561555678,val
0.4002450959289215,0.8924440162367132,0.008562881256405912,val
0.46948187007739534,0.828915152281766,2.587623284757735,val
0.9135633849574087,0.16774279817162097,0.0026646384475409444,val
0.7023101822741344,0.5294729878624826,0.19501237817071512,val
0.19900816005505814,0.9931994188444067,2.236514091769105,val
0.7344890485490321,0.47926648637132474,1.4355743611650835,val
0.8205149890983783,0.33608973583765767,0.02209746845038306,val
0.2685976784951771,0.9733161071159927,0.007530868801505764,val
0.16968781479363096,0.9971958354810896,11.573256396081652,val
0.213661100078634,0.9902926885892466,0.03278802415314935,val
0.4906279861644078,0.8069254212848684,0.36544981295700274,val
0.5405729603473751,0.7505210203498983,0.07099232478174916,val
0.34601852173446085,0.9324425062310424,7.132094043738656,val
0.676643738643971,0.5681285352483906,1.564334266226098,val
0.9424611375917953,0.11282707342502185,0.00045981299314639605,val
0.2951527223968806,0.9615238341399788,0.0686964377914128,val
0.19518996412775277,0.9938525601580633,3.5599167396735063,val
0.7155210420153155,0.5090916114644368,0.0021851928512470692,val
0.3880243634850347,0.9022367373918699,2.5308099279147473,val
0.5910695772432119,0.6874965701370124,0.1981575341584499,val
0.450295003042385,0.8478473263893775,0.5369389656227253,val
0.6881899965273471,0.55089480264891,0.006261203649407529,val
0.3763077841414026,0.9112062191410262,3.5549089422011586,val
0.4427382584482484,0.8550306218972039,0.015552718268620602,val
0.5300628758487897,0.7628956805506492,0.012782430189327017,val
0.6892047632513478,0.5493679301016833,0.1441964225743691,val
0.2914109351759471,0.9633278132676178,25.263374863402564,val
0.581903740433155,0.6993640554779079,0.00496257526314296,val
0.44090053425963993,0.8567538443128175,0.1536086833538521,val
0.1026169281074266,0.9999413785326723,3739.30168899373,val
0.35536188230970006,0.9261963347784904,0.009512230745734263,val
0.6408062951731767,0.6199505479189604,0.071439216473803,val
0.18560865972732155,0.9953104269690144,22.48878628442396,val
0.1496161893248236,0.9987383515406221,18.39180244476164,val
0.2020469059525668,0.9926493372653187,120.5307324594576,val
0.3516053099428244,0.9287406762436045,0.0809486247363402,val
0.391908331701328,0.8991724703947022,2.12577341704712,val
0.3841398063842069,0.905256346727835,5.612157857407014,val
0.6992871481932077,0.534090982416775,0.06020878011130543,val
0.9529256209730311,0.09264772299552837,0.039730212110629486,val
0.9007701090583312,0.19166766724728013,0.015829392449411395,val
0.9007180563212124,0.1917645195472215,0.0006574039959648088,val
0.29803066696922986,0.9601046803746691,26.425566551532867,val
0.19589437371802093,0.9937352176241041,108.28750575281158,val
0.32947658202766134,0.9428212445790153,8.493570967214838,val
0.18450125928533748,0.9954627083973023,211.50947043878926,val
0.7384466730815,0.4729613395801112,0.0008538187430503593,val
0.8777588389419192,0.23408972708934883,0.012973700384969991,val
0.697221181548501,0.537237053138157,0.11560416742599346,val
0.4008823866844617,0.891921239584584,0.24131486533955196,val
0.7311402286769042,0.48457968466727286,1.540145721769874,val
0.5691793372555681,0.7155290154077358,0.010245618245464973,val
0.27397385456475176,0.9711188971672936,25.38386473829262,val
0.4016796685129944,0.8912655426212441,4.765667138184036,val
0.7930485926870793,0.3831671954080438,1.545350381933242,val
0.25837073415587514,0.9772291714381711,3.453390102214919,val
0.9674000910183966,0.06448349704838441,0.017414570266587222,val
0.27252777072108386,0.9717194050206547,6.7755328813187585,val
0.30929834378850446,0.9542846374878554,0.062363531227038436,val
0.9060951995401779,0.18173836455757297,0.012632429876040276,val
0.16267917952966168,0.9978315409196696,0.10768413684648455,val
0.20160669849665921,0.9927307040354301,125.96738229191581,val
0.4705506129651007,0.8278317598639339,4.475660157938928,val
0.49488264310006996,0.8023618415330458,4.1663757961480705,val
0.6964945882071772,0.5383415988254918,0.006406601948037458,val
0.2386316391273641,0.9837987496382924,8.565999506099962,val
0.526220040643396,0.7673542471353784,2.0672291339807085,val
0.6919512864587942,0.5452255030915163,2.2855324008334663,val
0.39623744164534114,0.8957041570107479,0.14711093753202548,val
0.2852535767679555,0.9661949098125152,7.697119342846611,val
0.921750594028868,0.15230630723521965,0.019341416809216763,val
0.328923132328892,0.9431533128741928,18.94666514615424,val
0.8191959640807229,0.33837880465979164,0.0007523378831813461,val
0.5373465186952815,0.7543478290668886,0.025716980963539544,val
0.8811299819566161,0.22792464680133118,0.0890904110974307,val
0.8013265269525949,0.3691098655836057,1.3409347154142186,val
0.513759820329564,0.7815644426810444,0.0015052533431012302,val
0.7856808930855731,0.3955823424849394,0.011524904913451183,val
0.5019519341669368,0.7946778926011062,4.049931364150775,val
0.23867454771601057,0.9837858618506773,2.4719396457233365,val
0.13837174256629634,0.9992693887158585,9.24003936696679,val
0.35996689800371734,0.923017120053088,6.099794625151965,val
0.18243272467201072,0.9957384098365039,10.013236825798272,val
0.6993338977209834,0.5340196986835336,0.007588141777337989,val
0.2033569816972466,0.9924037976038048,80.64418000038513,val
0.295317532820518,0.9614433061433961,2.173623515249398,val
0.727635722260234,0.49011817618950615,0.06922174024672259,val
0.852051920443773,0.2805302334383625,0.005747298371151102,val
0.10673891294986759,0.9999145734995418,11.860865502522824,val
0.8025283022122319,0.3670595804076394,0.002056371637563672,val
0.3022162748190413,0.9579916900807693,3.174272569366504,val
0.32137994391536423,0.9475803537096925,11.806444364915755,val
0.17328461960979633,0.9968252668475807,16.472965469152907,val
0.49159091659666276,0.8058966096469844,2.17543078633408,val
0.3303118100057155,0.9423182386835471,4.227293507784804,val
0.8993011986592016,0.19439926597828894,0.001697296053751503,val
0.5584598598725267,0.728862713372544,0.18861232382921483,val
0.8387904701243167,0.3040858573113425,0.14542644187809778,val
0.31902780727998026,0.9489229993369788,0.5168598861986919,val
0.22727097656400916,0.9870003796229719,6.1474036556756495,val
0.4471745808332087,0.8508324671682057,0.09727970777946411,val
0.13933932867769283,0.9992316076993292,36.07232237817421,val
0.9449722761992804,0.10799874008209698,0.0002172747807564164,val
0.5577071170357016,0.7297891470401323,0.06810110625916686,val
0.16309720551140428,0.9977967105757884,3.1663236624482227,val
0.4583114692788525,0.8400573185391791,6.0337003675736245,val
0.6415928476821793,0.6188408379108793,2.584143440807269,val
0.493405921879434,0.8039510024680329,3.199798724361344,val
0.7196192328011853,0.5027033192083745,0.09146367304352929,val
0.17635850212739984,0.9964836419523782,0.7014073465688719,val
0.5699475575284314,0.7145634045698448,0.005874490461045392,val
0.5151435559278527,0.7800051101232017,0.01612100086117748,val
0.613703644880284,0.6574072707635165,1.6295297646540223,val
0.19115992773800147,0.9944968447631105,12.566605523959305,val
0.2659364136738353,0.9743679923690451,0.004392937608824145,val
0.15256789163589166,0.9985627716952502,28.693640535042714,val
0.1991464387993159,0.9931749737819189,5.774472198054323,val
0.7805412234956308,0.40418884441218306,0.2261677778388853,val
0.7834462845852544,0.3993297477613523,0.14122297209432963,val
0.8151398527324847,0.34540017446623184,0.001552897304344559,val
0.8690578760056096,0.24992204078673186,0.02532965518666133,val
0.36878664760402036,0.9167443540139101,12.301667908935785,val
0.4936501687193958,0.8036885405977268,0.5280255208073437,val
0.9551614405649068,0.08831632582668503,1.1191316967058422,val
0.6830620055847267,0.5585804666054051,1.100696350111171,val
0.19389189429426035,0.9940650923663232,0.01015619898876202,val
0.5063659573170889,0.7898164170482673,0.004578735198390138,val
0.5417563398235717,0.7491112668339526,2.174991628886812,val
0.8457150734526021,0.2918205692258389,0.050866953200458954,val
0.4463654181582139,0.8516022104254016,2.218792077637139,val
0.2525593073154513,0.9792973732559032,50.07738077972223,val
0.4297648481770685,0.8669954070353612,2.453677026205503,val
0.5492696192899716,0.740083896892783,1.3212051459306522,val
0.16100282253834972,0.9979674146065656,3.5634658357665185,val
0.9358375449014571,0.12551984539496652,0.02003888928767022,val
0.9093202224726389,0.17570461331205034,0.024779676008779575,val
0.166762233957776,0.9974747590276736,31.213538367200094,val
0.6257509150050787,0.6409464017716449,0.029782737632588773,val
0.288181836450955,0.9648471600947974,18.61519095625154,val
0.7444665496661397,0.4633169313925235,1.2862733082339697,val
0.22582848729526298,0.9873771091942177,4.716716730953958,val
0.27851564368699044,0.9691873834665115,1.1248922679139262,val
0.7336465882074262,0.4806050284293987,0.07136325647390528,val
0.2730479696991055,0.9715041899789927,34.363426790633206,val
0.2636531560033312,0.9752516043762012,1.773127244907359,val
0.3109406761991,0.9534013701689349,0.0921236076301405,test
0.41881537228056803,0.8767262572309866,1.5353073406332909,test
0.975485762365447,0.04862453170408754,0.0002598686541971946,test
0.8784692678185854,0.23279194036652784,1.088751799379197,test
0.22125327295754108,0.988528134006523,0.08829790742145845,test
0.322386826556801,0.9470000998454688,1.338729015120588,test
0.7403787628865952,0.46987300083872985,0.02224185630048541,test
0.7419397997273727,0.4673728965707693,0.009043592464188227,test
0.10343061867075598,0.9999367050467263,0.08361698483983919,test
0.15318713720224725,0.99852386349187,2.8760301526623104,test
0.29805454717079294,0.9600927897511369,2.111853563240844,test
0.7419397997273727,0.4673728965707693,0.06056871384626105,test
0.849038766640434,0.2859066065291199,0.0007323047603775105,test
0.5863425492318094,0.6936400535993434,1.2622732587991687,test
0.4198700531638994,0.8758037658657715,1.0652609392107968,test
0.26821705609745566,0.973468001851911,0.005857179784927443,test
0.33098098325529984,0.9419136141378647,1.832323822278244,test
0.8748151605375065,0.23945897003679673,0.011696233759781802,test
0.2722224673638101,0.9718452927352412,0.01414634508447792,test
0.2674305858796852,0.973780323798263,0.014189415208633848,test
0.6615321775738306,0.5902917507300582,1.2795967817353935,test
0.36615296317709073,0.9186426442300204,1.9395009508287977,test
0.6116671802708336,0.6601595314865844,0.004576017031354971,test
0.54435998059035,0.7459979394725156,1.5812035640727629,test
0.8533436808075361,0.27822099882040885,0.0006716492994626262,test
0.3313030771692029,0.9417183413186233,1.818079028760684,test
0.33128327012791314,0.9417303591891049,0.013922642491154822,test
0.38754530187563363,0.9026115741974283,1.846932353725246,test
0.7977824681643576,0.37514224515063077,0.04782299619349684,test
0.46069897495449236,0.837703805962837,1.6484624997407062,test
0.33487476089445467,0.9395306002236424,0.06943084896130279,test
0.13637356993606878,0.9993431023056247,2.681464285394667,test
0.36408850123539693,0.9201156997844656,0.02266580464242644,test
0.8079969651206335,0.3576996488329721,0.09540964709484256,test
0.63937750573143,0.621963128168825,0.038922891873308996,test
0.8108744550011706,0.3527548945987362,0.004061159022673929,test
0.22002759813304346,0.9888252258717225,1.2464601562104072,test
0.21896087031662287,0.9890799404983501,0.1414002060079539,test
0.828734649171128,0.3217617953247547,0.0018744402154929909,test
0.6331420942650329,0.6306972880740793,1.4283309259233254,test
0.286316983876779,0.9657087770996386,1.968291148705858,test
0.43064315415036264,0.8662001926542869,1.2571051291680693,test
0.9557014599792475,0.08726911305757878,0.0013839019558328045,test
0.17089941555357463,0.9970744611712669,2.7628610420706283,test
0.29656049174222454,0.9608330786773096,0.3377353693047559,test
0.49180798529843656,0.8056643630485975,0.004113471163326587,test
0.11421403919953306,0.999842188511887,3.0567240361490167,test
0.3613605068160164,0.9220419807303282,1.387096405561882,test
0.3349759578545027,0.9394680177029721,1.4499742847909813,test
0.3045297288197888,0.9567989325775637,0.013746785520045827,test
0.9352962034994436,0.1265544600869689,0.0015984986235201345,test
0.3329557849090631,0.9407111163173103,1.914856637574092,test
0.4422884537892222,0.8554532608467663,0.007462187023097177,test
0.6047036224088524,0.6695038799929306,0.0030399407464028723,test
0.23275458565196208,0.9855072159182796,2.4556961055780615,test
0.23832634195794997,0.9838902731736164,0.014329262578236303,test
0.21471173946383784,0.9900592110679745,2.5335005674054583,test
0.4605487698508774,0.8378523226129748,1.3516903125670572,test
0.5106087198496922,0.7850978057009196,0.024147824208991822,test
0.7847798781379732,0.39709434724989223,0.004842975979327839,test
0.42446827895767536,0.8717448787846738,0.04756677261413422,test
0.6121543132487595,0.6595019782332623,0.0948031614679381,test
0.16400878508406666,0.9977194284376512,2.537554645130071,test
0.18361742390378868,0.9955818966897697,2.284158668250825,test
0.18939724919892906,0.9947643483983938,1.4161147395071203,test
0.7417538054684151,0.4676710069797927,0.10154155174797524,test
0.2193509771584855,0.9889872051368532,1.5920573138464453,test
0.15488550786106567,0.9984133620959457,0.028659121654618713,test
0.7952971488429954,0.3793600672850238,0.01969645801165254,test
0.21065048434464984,0.9909428804461915,2.3595749171020177,test
0.7773802887631756,0.40945962640527567,1.1314566743854577,test
0.21081199765777803,0.9909087049060543,1.1407858826202093,test
0.7741139436778263,0.4148882659771609,1.1334139750743093,test
0.1308085745376031,0.9995196939080571,2.944257322141231,test
0.7500710531731514,0.4542800673847669,0.0016632882774394735,test
0.5346451307547584,0.7575328691169176,0.021379294258172754,test
0.7767108589382088,0.4105736990105898,0.13160897500546181,test
0.8469593415871299,0.28960863139918724,0.0014158998284430787,test
0.4126807935605098,0.8820288208209228,0.022009279738536513,test
0.2461897709047639,0.9814354154226906,1.7942117985826374,test
0.9108649587513695,0.17280913782948537,1.051002002616101,test
0.716939553221769,0.5068839236025682,1.2122655018850683,test
0.5492201809361114,0.7401437302136751,1.2630705227432726,test
0.9413903753373789,0.11488318830190192,0.023564423871110258,test
0.4811574870102137,0.8169171691700524,1.377525870151703,test
0.5342601555399773,0.7579853542849371,1.558105440859699,test
0.1732288513530005,0.9968312502600465,2.7265785010579826,test
0.34219895540528994,0.9349165315845172,1.9758410545731038,test
0.7666541608985069,0.4272177076854642,1.1256231651752968,test
0.40332298785514165,0.8899081767181876,1.3981738164610824,test
0.3333814554631793,0.9404502731440982,1.7146584605769988,test
0.6781287387853141,0.5659264821827432,0.002919819981020921,test
0.14490565150440385,0.998986196100848,0.25967726662796214,test
0.8749444265130101,0.23922346662068306,0.012970387096524871,test
0.35575904652648305,0.9259247491406118,0.006367725548189009,test
0.8233248615846538,0.3312040211555922,0.022969080680849536,test
0.9680457902131897,0.0632203447007299,0.000299624803882002,test
0.13754131815813994,0.9993007193233937,2.977126034608481,test
0.1584222932263537,0.9981649056210613,1.4072490302094893,test
0.984338247995905,0.03115911702673424,0.0002059483126494452,test
0.6983026814831378,0.535591141140169,0.07635489001267502,test
0.13063916372749043,0.999524446985578,2.434817160658247,test
0.37893077619755644,0.9092342444574454,1.8780357679145558,test
0.28052023300598217,0.9683129461108714,2.2284340844045207,test
0.34566820272568444,0.9326713435842048,1.9144880201820265,test
0.30573516892191543,0.9561704338535929,2.0620585219370198,test
0.7108009464620663,0.5164109207942409,0.11435715405211087,test
0.46814687409943967,0.8302642126002024,0.03267490608231467,test
0.8941753631672549,0.20390624267556667,0.04753508417095242,test
0.24869632637539904,0.9806100786243621,1.237296036426022,test
0.2522513587201068,0.9794038349827364,2.1581928245286885,test
0.5560072198753978,0.7318764812557459,1.4437273414871785,test
0.5876098940665979,0.6919977734988789,0.00999589308370543,test
0.35865403803925056,0.9239302322549723,0.0587692453823129,test
0.14804043206053738,0.9988255769362024,2.899833173481819,test
0.3650290988921664,0.9194461877485045,0.7675180018605997,test
0.31189574285922395,0.9528836474867303,2.1321359292470587,test
0.1977663122405301,0.9934164649862237,2.6089078480884162,test
0.20270144350151473,0.9925272963635705,2.595086521412868,test
0.26629783456972755,0.9742265270752264,1.7745600590868889,test
0.7339801269134658,0.480075238781708,1.1873168867695558,test
0.14922180265310694,0.9987605999267074,2.853435829000314,test
0.25613508336495394,0.9780381073425013,2.2750943794026055,test
0.4544539674800637,0.8438275253227902,1.753446668672265,test
0.2298236579909203,0.9863173506005778,0.9640736600977875,test
0.5524129033566235,0.736268014681065,0.005244832267906176,test
0.7213204901157185,0.500042321910724,0.026726429280416946,test
0.9444959607978848,0.10891526774241433,0.0112290708202939,test
0.40333704512280666,0.8898965314673632,0.006875667204227754,test
0.8124715791405567,0.35000449629099595,0.0199090349960622,test
0.20477505548413133,0.9921322722149073,2.5662902061389055,test
0.27527513944242826,0.9705725416166504,0.04148772279493063,test
0.5514021064572501,0.7374976088807002,0.010183792463958695,test
0.5086038261733781,0.7873331294655113,1.562461855438763,test
0.389663232038787,0.9009492345577133,0.22358090102069195,test
0.3178587179106137,0.9495836275053661,2.140300088447783,test
0.4250147113201896,0.8712585517565173,0.3010691356007893,test
0.786208506382434,0.39469631115418147,0.022105070306575103,test
0.17679981507248255,0.9964326679038443,2.640912161115913,test
0.21680183532002664,0.9895845581308825,2.227042197271246,test
0.1658739108330316,0.9975555591306416,2.7038983312265166,test
0.5302109842133838,0.7627231297644392,0.014516023668184741,test
0.8490045378501292,0.28596759934733484,0.015903151536184563,test
0.5373111960363502,0.7543895878441774,0.32844334084809906,test
0.393477291254866,0.8979219013136888,0.2599238025449578,test
0.38023461836929384,0.9082462498709686,1.9575473293965913,test
0.5746587223315246,0.7086125951411991,0.0802828185562735,test
0.7512741596228405,0.45233290116462443,0.00222710393700561,test
0.9220133098507538,0.1518093629391063,1.0674634387901825,test
0.4151357527405946,0.8799197826138747,0.07072550595100834,test
0.49973482827348115,0.7971013287868671,1.6848410829236855,test
0.14601115445125207,0.998931472445612,2.922363059487147,test
0.528346768655793,0.764891152685576,0.35972771669118997,test
0.4349424276485174,0.8622764971636809,1.55296706878146,test
0.3557536640872417,0.9259284330149063,0.7361505471322187,test
0.15926632617096853,0.9981018452279006,2.8299966592949213,test
0.21827056256406932,0.9892428687310223,0.34764399520195965,test
0.31902001200046937,0.9489274190564675,2.0867671105337924,test
0.27248914265572893,0.9717353500055478,0.10018190804452722,test
0.49646707170917664,0.8006506218806464,1.4061170167354113,test
0.1596611798918398,0.9980718352665017,2.6718784176536836,test
0.7802843730147688,0.4046177711615989,1.2130073702302853,test
0.6511685900404934,0.6052301174695058,0.00541984994047508,test
0.300220347732664,0.9590065167002835,1.003704141447915,test
0.33191334708969344,0.941347442530117,0.1756454979837721,test
0.9807217727789324,0.03830708110796621,0.00017624655468141334,test
0.40917836565864596,0.8850076452543683,1.839921761959441,test
0.7681432766312606,0.4247641727680821,0.0010153849983448326,test
0.829180633366113,0.3209812767594168,0.014201699274547893,test
0.23832634195794997,0.9838902731736164,2.261079864274034,test
0.38774206098582714,0.9024577051498076,0.015694520020901666,test
0.29434711452113443,0.9619161634290114,0.35590712084989806,test
0.21319619027895725,0.9903949140332826,2.478275164196871,test
0.4400040559719152,0.8575910859481084,1.754533975390577,test
0.268363248643437,0.9734097181736313,2.153473568871715,test
0.7937079743978575,0.3820516436433311,0.07236594844054328,test
0.8033349113625414,0.3656821264462009,1.115097692203848,test
0.7624686525471613,0.4340933855433585,1.0803807385653288,test
0.37561906542031037,0.9117205351977141,0.607296085996291,test
0.4505177083944566,0.8476332622327154,0.061296156477099094,test
0.2449127092095897,0.9818479348668466,2.3003171032894003,test
0.31103795886953134,0.9533487721979458,2.074459957883714,test
0.9084770085491178,0.17728367048966442,0.00038410512298474466,test
0.4240454213524701,0.8721206436847692,1.8290248176966404,test
0.44508140082961967,0.8528199973051593,0.5341698867937479,test
0.20283728232573645,0.9925018099144577,2.5878949947518692,test
0.23343478036105858,0.9853152304370223,0.04030326400926129,test
0.7441099123132547,0.46389009817634463,0.001741205724763581,test
0.49099336023662987,0.806535327788888,0.41729839324565104,test
0.7939264603108708,0.38168184549139617,0.0055571950859048735,test
0.7896357377194014,0.3889294683545024,0.06549914271721213,test
0.16191618707818303,0.9978941347805084,2.814152654954694,test
0.16760236295206174,0.9973966867428343,2.7575834142262567,test
0.7055130802188123,0.5245615144829792,0.0065454898678612905,test
0.3534775065967243,0.9274781628391817,2.011697704652869,test
0.39892321985784823,0.8935245614321004,0.03602938931627019,test
0.8735323671654128,0.24179464995732358,0.0046290683804612,test
0.8033349113625414,0.3656821264462009,0.03248879772466293,test
0.3483912617452268,0.9308823516127317,1.9962291185242902,test
0.45990582953808834,0.8384873531249821,0.3966769774746791,test
0.3093986801122727,0.9542309297023734,1.5989915309852498,test
0.5577029304460086,0.729794296011704,0.003833847347703617,test
0.3944683161723412,0.8971282217513646,1.824590387228073,test
0.80996770915942,0.3543145367660887,0.0019368982553036828,test
0.5813053682671737,0.7001323355735615,0.015086771649840935,test
0.19015670781031715,0.9946501493318854,2.199998903467407,test
0.5769741670479811,0.7056695987935989,1.3229115331080796,test
0.31462355218738786,0.9513884755657613,1.090813535165387,test
0.451374641933433,0.8468083214723277,0.1544579408168618,test
0.45990582953808834,0.8384873531249821,0.0051314030956824495,test
0.23270918061960083,0.9855199781317504,1.3039076223510737,test
0.43704821527538845,0.8603358631741342,0.04379822884249719,test
0.6678803142592118,0.5810359577950295,0.022830929667739717,test
0.46552059405162693,0.832904395666,1.5015767173295365,test
